! item=12.01 file=C:\Users\lenovo\OneDrive\Desktop\semesters\Fourth year\Second Semester\ENCS5344\Spoken_Assignment\assi\part8\part8life.sfs
! posn size v   gain;   F1   B1 A1;   F2   B2 A2;   F3   B3 A3;   F4   B4 A4;   F5   B5 A5;
!
  10.0 20.0 0   67.7; 1929  374 58; 3742  368 57; 5866  345 55;    0    0  0;    0    0  0; 
  20.0 20.0 0   66.9; 1670  445 59; 3315 1113 53; 4520  720 53; 6330  339 52;    0    0  0; 
  30.0 20.0 0   68.2; 1430  857 57; 2780  513 57; 4887  474 53; 6436  391 51;    0    0  0; 
  40.0 20.0 1   68.3; 2667  263 43; 3681  195 38; 5499  217 32; 6457  179 31; 7100  184 26; 
  50.0 20.0 0   69.5; 1414  457 58; 3186  429 55; 4893  420 53; 6628  299 52;    0    0  0; 
  60.0 20.0 0   70.2; 1616  520 58; 3135  700 54; 4820  480 54; 6615  376 51;    0    0  0; 
  70.0 20.0 0   68.2;  710  762 55; 2725  435 59; 4350  619 56; 6094  640 52;    0    0  0; 
  80.0 20.0 1   68.0;  482  155 59; 2230  172 46; 4285  116 44; 5562  184 34; 7038  169 28; 
  90.0 20.0 0   72.4;  661  532 58; 2411  436 57; 4274  115 66; 6288  391 53;    0    0  0; 
 100.0 20.0 1   82.5;  366   47 81; 1043   67 66; 4390  146 44; 6344  142 33; 7193  101 29; 
 110.0 20.0 1   87.5;  379   27 89; 1043   49 71; 2836   70 54; 3948   87 54; 4341   50 56; 
 120.0 20.0 1   90.0;  377   27 91; 1047   51 73; 2895  119 53; 4000   91 59; 4310   40 64; 
 130.0 20.0 1   90.7;  374   25 93; 1047   38 77; 3981   82 61; 4322   18 72; 6345   93 46; 
 140.0 20.0 1   92.3;  356   28 93; 1053   31 79; 2924  107 58; 4073  114 64; 4286   28 74; 
 150.0 20.0 1   93.6;  344   39 93; 1027   42 78; 2918  127 58; 4026  106 64; 4293   22 75; 
 160.0 20.0 1   94.7;  327   30 96;  993   34 80; 2886  103 59; 3983   72 64; 4332   44 66; 
 170.0 20.0 1   95.4;  338   38 95; 1008   19 87; 2933   38 69; 4252   37 70; 6407   95 48; 
 180.0 20.0 1   94.2;  383   70 90; 1013   17 90; 2962   86 65; 4271   45 70; 6357   75 51; 
 190.0 20.0 0   96.2;  936  128 93; 3226  433 80; 4217   57 95; 6348  138 77;    0    0  0; 
 200.0 20.0 1  100.4;  516   97 94; 1077   19 100; 2871  110 71; 4264   89 70; 6475   71 62; 
 210.0 20.0 1  102.6; 1086   17 104; 2894   73 73; 3895   99 70; 4424   93 68; 7263   96 58; 
 220.0 20.0 1  104.3;  688  132 94; 1078   23 105; 2884   78 76; 5757  103 61; 7301  127 54; 
 230.0 20.0 1  105.3;  729  167 95; 1062   33 104; 2842  100 74; 4158  133 71; 7303   58 60; 
 240.0 20.0 1  105.9; 1057   41 104; 2776  122 72; 4059   60 79; 5733   94 62; 6464  158 58; 
 250.0 20.0 1  106.3; 1040   31 106; 2882   54 79; 3980   97 78; 5710  135 60; 7265  125 55; 
 260.0 20.0 1  106.4; 1044   31 106; 2874   67 77; 3901   55 82; 5740   97 66; 7200  101 57; 
 270.0 20.0 1  106.8; 1026   20 108; 2916   48 82; 3888   39 87; 4250  149 73; 5834  143 64; 
 280.0 20.0 1  107.1; 1005   13 110; 2935   67 80; 3873   71 86; 5751  130 63; 7198  118 56; 
 290.0 20.0 1  108.0; 1016   17 111; 2962  124 73; 3937   40 87; 5734  101 64; 7257  162 55; 
 300.0 20.0 1  108.9; 1044   23 110; 2959  117 75; 4037   89 79; 5757   94 65; 7283   80 60; 
 310.0 20.0 1  108.4;  749   94 99; 1036   18 110; 4020   79 81; 5766   92 65; 7306   53 66; 
 320.0 20.0 1  107.5;  776   72 100; 1105   24 107; 4018  115 79; 5823   76 70; 7320   55 64; 
 330.0 20.0 1  106.5;  749   61 101; 1141   25 105; 4030   82 80; 5827   61 70; 7335   54 63; 
 340.0 20.0 1  105.2;  728   57 101; 1152   30 103; 4084  101 77; 5826   67 65; 7343   62 64; 
 350.0 20.0 1  103.4;  714   77 98; 1144   43 99; 2831   91 80; 4083  136 74; 5826   62 65; 
 360.0 20.0 1  101.2; 1235  109 91; 2745   93 82; 4119  103 73; 5855   77 66; 7284   99 55; 
 370.0 20.0 1   98.7; 2712  111 81; 3539   62 81; 4127   72 73; 5840   59 67; 7127  140 53; 
 380.0 20.0 1   98.8;  668  129 92; 2676   68 84; 3554   71 79; 4172   62 74; 5841   70 64; 
 390.0 20.0 1   99.7;  546   72 95; 2669   77 86; 3581  115 76; 4236   77 73; 5924  103 67; 
 400.0 20.0 1  100.4; 2049  106 87; 2653   59 89; 3564   60 81; 4260   86 71; 5887   65 68; 
 410.0 20.0 1  100.0; 2086   57 92; 2675   51 90; 3654  144 75; 4210  136 70; 5855  101 65; 
 420.0 20.0 1  100.2; 2166   72 90; 2643   67 90; 3674  191 75; 4031  164 72; 5857   84 67; 
 430.0 20.0 1  100.0; 2214   35 94; 2627   62 88; 3715   96 77; 4069  130 71; 5896   98 61; 
 440.0 20.0 1   99.3; 2243   36 93; 2633   73 86; 3673   70 78; 5923   61 66; 7339   72 56; 
 450.0 20.0 1   98.0;  414   89 93; 2299   46 88; 5932   65 63; 6380  113 59; 7296   83 53; 
 460.0 20.0 1   96.4;  441   79 91; 2335   71 86; 3624  111 72; 5856   85 60; 7318   57 57; 
 470.0 20.0 1   95.2;  416   76 90; 2326   42 84; 3662  115 70; 5847  110 57; 7304   54 55; 
 480.0 20.0 1   95.5;  384   46 94; 1153  103 75; 3632   86 66; 5874   64 54; 7343   74 48; 
 490.0 20.0 1   95.2;  377   67 92; 2367   84 78; 4182  101 61; 5914  100 53; 7319  113 46; 
 500.0 20.0 1   92.2; 2205   90 73; 3708  175 61; 4381  170 57; 6356  195 47; 7345  103 47; 
 510.0 20.0 1   88.6;  892  176 73; 2050  106 72; 4477  155 62; 6313  195 52; 7221  138 49; 
 520.0 20.0 1   86.4;  727  122 77; 2024  111 74; 2632  135 70; 4634  153 62; 7252   93 55; 
 530.0 20.0 1   85.3;  764  146 75; 1931  136 73; 4485  152 63; 5622  102 63; 7329  102 55; 
 540.0 20.0 0   84.4;  954  767 75; 2354  356 80; 4212  173 84; 6181  179 82;    0    0  0; 
 550.0 20.0 0   81.8; 2269  533 79; 4037 1013 75; 6269  726 77;    0    0  0;    0    0  0; 
 560.0 20.0 1   81.0;  863  173 69; 2529  156 64; 3659  177 58; 6099  165 57; 7189   77 57; 
 570.0 20.0 1   80.7; 1960  173 66; 3696  185 58; 4575  172 56; 5676  188 54; 7217   53 59; 
 580.0 20.0 1   80.5; 3766  172 58; 4585   94 60; 5644  145 55; 6382  112 55; 7273   44 57; 
 590.0 20.0 1   80.1; 1911  245 64; 3789  201 58; 4562  242 55; 5647  183 56; 7158  166 48; 
 600.0 20.0 0   78.0;  581 1630 64; 2439  357 74; 4426  424 73; 6221  383 74;    0    0  0; 
 610.0 20.0 1   75.6;  934  187 63; 2018  185 62; 5593  252 52; 6258  266 50; 7140  138 48; 
 620.0 20.0 0   74.2; 1543 1275 67; 2225  630 70; 4470  296 74; 6359  360 70;    0    0  0; 
 630.0 20.0 0   72.7; 2058  316 70; 4363  389 71; 6177  524 69;    0    0  0;    0    0  0; 
 640.0 20.0 0   73.3; 2124  301 70; 4366  372 69; 6396  674 65;    0    0  0;    0    0  0; 
 650.0 20.0 0   72.1; 2268  425 67; 4065  687 64; 6106  383 68;    0    0  0;    0    0  0; 
 660.0 20.0 0   69.4; 1234 1335 59; 2408  850 62; 4412  615 64; 6259  622 62;    0    0  0; 
 670.0 20.0 1   69.9; 2386  203 51; 3559  159 48; 4450  193 45; 5369  185 43; 7168   96 39; 
 680.0 20.0 0   69.5; 1004  620 61; 2570  520 62; 4415  450 62; 6259  374 61;    0    0  0; 
 690.0 20.0 1   67.7; 1698  237 51; 3664  247 43; 5274  197 38; 6379  230 32; 7135   57 40; 
 700.0 20.0 1   68.3; 2498  141 50; 3619   96 46; 4612  198 36; 6322  235 34; 7076  134 31; 
 710.0 28.2 1   70.5; 2794  342 44; 3688  226 42; 5427  194 37; 6330  194 33; 7121   94 33; 
